1658815358998 0.01204574666917324 0
1658815374723 0.004778378177434206 1
1658815390069 0.0037233561743050814 2
1658815401734 0.0035263365134596825 3
1658815417558 0.0032937966752797365 4
1658815432651 0.00322525342926383 5
1658815445300 0.003151210490614176 6
1658815464931 0.0030847573652863503 7
1658815477724 0.003008390311151743 8
1658815495820 0.002989700995385647 9
1658815511771 0.002923177555203438 10
1658815527683 0.002933553885668516 11
1658815543120 0.0028742116410285234 12
1658815557229 0.002859638538211584 13
1658815576311 0.002820574212819338 14
1658815588196 0.0028479548636823893 15
1658815604680 0.002783329226076603 16
1658815619237 0.00279724202118814 17
1658815632483 0.0027896040119230747 18
1658815650000 0.0027575474232435226 19
1658815663326 0.0027882240246981382 20
1658815679863 0.002788103651255369 21
1658815696061 0.002758486196398735 22
1658815707516 0.0027543981559574604 23
1658815724780 0.002744668861851096 24
1658815738419 0.002760255942121148 25
1658815752903 0.002769086742773652 26
1658815770786 0.002731677843257785 27
1658815783510 0.00274684582836926 28
1658815799653 0.002715399954468012 29
1658815817145 0.002683129860088229 30
1658815829340 0.002738552400842309 31
1658815846983 0.0026803025975823402 32
1658815862935 0.0027126846835017204 33
1658815875727 0.002704829443246126 34
1658815893759 0.0026751309633255005 35
1658815909427 0.002692763926461339 36
1658815921575 0.002657667500898242 37
1658815939506 0.0026754008140414953 38
1658815953928 0.002674064366146922 39
1658815967463 0.002655216259881854 40
1658815985032 0.0026506101712584496 41
1658816000112 0.002676911186426878 42
1658816011927 0.0026597250252962112 43
1658816029457 0.0026674256660044193 44
1658816047029 0.002642709296196699 45
1658816058911 0.0026778681203722954 46
1658816073763 0.002665193984284997 47
1658816091855 0.002651470946148038 48
1658816109515 0.002635408891364932 49
1658816123747 0.0026474916376173496 50
1658816136429 0.0026450359728187323 51
1658816154108 0.0026401246432214975 52
1658816171366 0.002608729060739279 53
1658816182747 0.002636215416714549 54
1658816199772 0.0026358880568295717 55
1658816218930 0.0026220690924674273 56
1658816237195 0.0026078559458255768 57
1658816255386 0.0025886280927807093 58
1658816267488 0.0026393227744847536 59
1658816282979 0.0026097362861037254 60
1658816300700 0.0026043232064694166 61
1658816318538 0.0026335178408771753 62
1658816330348 0.0026348927058279514 63
1658816346568 0.00259267445653677 64
1658816364600 0.002611870877444744 65
1658816383599 0.0026048035360872746 66
1658816398673 0.0025780759751796722 67
1658816410612 0.002604118548333645 68
1658816428690 0.002579181222245097 69
1658816446674 0.0025832962710410357 70
1658816462748 0.002598342951387167 71
1658816475405 0.0025874313432723284 72
1658816494041 0.0025760005228221416 73
1658816511666 0.0025619391817599535 74
1658816527169 0.002579938620328903 75
1658816539358 0.0025818513240665197 76
1658816557378 0.0025596399791538715 77
1658816575131 0.002547763055190444 78
1658816590232 0.002561144297942519 79
1658816602310 0.002531234407797456 80
1658816619984 0.0025515465531498194 81
1658816637765 0.002531648613512516 82
1658816655703 0.0025444901548326015 83
1658816670280 0.0025285365991294384 84
1658816682484 0.0025202620308846235 85
1658816700476 0.0025326148606836796 86
1658816718434 0.002499749418348074 87
1658816737680 0.0025226983707398176 88
1658816751639 0.002523313742130995 89
1658816765420 0.002516404492780566 90
1658816783135 0.002530374564230442 91
1658816800602 0.002484343247488141 92
1658816814765 0.0024866927415132523 93
1658816828713 0.0024923381861299276 94
1658816846953 0.002476269146427512 95
1658816865202 0.0024760642554610968 96
1658816882914 0.0024609421379864216 97
1658816894683 0.00246027740649879 98
1658816910058 0.002488180063664913 99
