1658815358998 72817.375 0
1658815374723 23922.494140625 1
1658815390069 28479.603515625 2
1658815401734 23646.828125 3
1658815417558 25290.4453125 4
1658815432651 22760.29296875 5
1658815445300 13952.234375 6
1658815464931 21774.1015625 7
1658815477724 23870.681640625 8
1658815495820 14098.1162109375 9
1658815511771 17727.46484375 10
1658815527683 18213.37890625 11
1658815543120 13842.701171875 12
1658815557229 20196.60546875 13
1658815576311 25919.642578125 14
1658815588196 18354.763671875 15
1658815604680 16243.607421875 16
1658815619237 18941.56640625 17
1658815632483 17439.072265625 18
1658815650000 13667.3564453125 19
1658815663326 14023.7021484375 20
1658815679863 19157.09375 21
1658815696061 19182.951171875 22
1658815707516 14300.740234375 23
1658815724780 17410.390625 24
1658815738419 18198.501953125 25
1658815752903 14452.845703125 26
1658815770786 18152.630859375 27
1658815783510 17870.822265625 28
1658815799653 8305.3759765625 29
1658815817145 14716.5419921875 30
1658815829340 21185.96875 31
1658815846983 17529.509765625 32
1658815862935 17364.537109375 33
1658815875727 13150.54296875 34
1658815893759 20362.896484375 35
1658815909427 10008.91796875 36
1658815921575 15446.279296875 37
1658815939506 13702.2314453125 38
1658815953928 16800.318359375 39
1658815967463 15105.4833984375 40
1658815985032 16770.1796875 41
1658816000112 13758.3408203125 42
1658816011927 18388.111328125 43
1658816029457 17249.0234375 44
1658816047029 15385.5263671875 45
1658816058911 17710.9609375 46
1658816073763 12305.91015625 47
1658816091855 11207.5634765625 48
1658816109515 13397.2509765625 49
1658816123747 18129.576171875 50
1658816136429 14365.3359375 51
1658816154108 14947.7705078125 52
1658816171366 10173.8427734375 53
1658816182747 13145.5634765625 54
1658816199772 15580.6435546875 55
1658816218930 14846.41015625 56
1658816237195 18032.806640625 57
1658816255386 15030.9404296875 58
1658816267488 13107.0205078125 59
1658816282979 15754.8115234375 60
1658816300700 16342.287109375 61
1658816318538 13315.921875 62
1658816330348 17192.56640625 63
1658816346568 14604.0185546875 64
1658816364600 12715.96875 65
1658816383599 13249.7451171875 66
1658816398673 17217.390625 67
1658816410612 17967.51953125 68
1658816428690 13194.197265625 69
1658816446674 10297.2373046875 70
1658816462748 16971.564453125 71
1658816475405 12236.2392578125 72
1658816494041 12062.3681640625 73
1658816511666 14357.916015625 74
1658816527169 9632.5576171875 75
1658816539358 12735.9970703125 76
1658816557378 13727.326171875 77
1658816575131 12978.4267578125 78
1658816590232 11257.767578125 79
1658816602310 12998.587890625 80
1658816619984 12456.2705078125 81
1658816637765 18149.693359375 82
1658816655703 15401.54296875 83
1658816670280 15013.8369140625 84
1658816682484 13698.01171875 85
1658816700476 13635.541015625 86
1658816718434 12982.0087890625 87
1658816737680 12299.361328125 88
1658816751639 11271.4990234375 89
1658816765420 15048.052734375 90
1658816783135 12469.1943359375 91
1658816800602 12224.515625 92
1658816814765 14638.365234375 93
1658816828713 14997.86328125 94
1658816846953 11429.9638671875 95
1658816865202 14991.71875 96
1658816882914 19908.416015625 97
1658816894683 11802.9794921875 98
1658816910058 18239.427734375 99
