1658811027545 0.01204574666917324 0
1658811045212 0.004778378177434206 1
1658811057610 0.0037233561743050814 2
1658811076019 0.0035263365134596825 3
1658811089971 0.0032937966752797365 4
1658811105949 0.00322525342926383 5
1658811122452 0.003151210490614176 6
1658811138417 0.0030847573652863503 7
1658811156970 0.003008390311151743 8
1658811175907 0.002989700995385647 9
1658811190623 0.002923177555203438 10
1658811204101 0.002933553885668516 11
1658811223370 0.0028742116410285234 12
1658811241547 0.002859638538211584 13
1658811259699 0.002820574212819338 14
1658811271393 0.0028479548636823893 15
1658811287711 0.002783329226076603 16
1658811305598 0.00279724202118814 17
1658811323342 0.0027896040119230747 18
1658811341445 0.0027575474232435226 19
1658811353981 0.0027882240246981382 20
1658811370506 0.002788103651255369 21
1658811388558 0.002758486196398735 22
1658811403452 0.0027543981559574604 23
1658811415939 0.002744668861851096 24
1658811433849 0.002760255942121148 25
1658811451644 0.002769086742773652 26
1658811470354 0.002731677843257785 27
1658811488309 0.00274684582836926 28
1658811502479 0.002715399954468012 29
1658811517299 0.002683129860088229 30
1658811534948 0.002738552400842309 31
1658811551863 0.0026803025975823402 32
1658811563801 0.0027126846835017204 33
1658811582017 0.002704829443246126 34
1658811602366 0.0026751309633255005 35
1658811620515 0.002692763926461339 36
1658811636507 0.002657667500898242 37
1658811649055 0.0026754008140414953 38
1658811666885 0.002674064366146922 39
1658811684897 0.002655216259881854 40
1658811704712 0.0026506101712584496 41
1658811722805 0.002676911186426878 42
1658811742026 0.0026597250252962112 43
1658811763728 0.0026674256660044193 44
1658811782673 0.002642709296196699 45
1658811800989 0.0026778681203722954 46
1658811814009 0.002665193984284997 47
1658811830217 0.002651470946148038 48
1658811850227 0.002635408891364932 49
1658811870857 0.0026474916376173496 50
1658811890882 0.0026450359728187323 51
1658811912258 0.0026401246432214975 52
1658811931170 0.002608729060739279 53
1658811948589 0.002636215416714549 54
1658811960336 0.0026358880568295717 55
1658811977055 0.0026220690924674273 56
1658811994978 0.0026078559458255768 57
1658812013498 0.0025886280927807093 58
1658812028669 0.0026393227744847536 59
1658812041193 0.0026097362861037254 60
1658812059716 0.0026043232064694166 61
1658812077849 0.0026335178408771753 62
1658812094266 0.0026348927058279514 63
1658812106997 0.00259267445653677 64
1658812124875 0.002611870877444744 65
1658812144345 0.0026048035360872746 66
1658812163573 0.0025780759751796722 67
1658812181755 0.002604118548333645 68
1658812197179 0.002579181222245097 69
1658812210451 0.0025832962710410357 70
1658812228556 0.002598342951387167 71
1658812246873 0.0025874313432723284 72
1658812264912 0.0025760005228221416 73
1658812285134 0.0025619391817599535 74
1658812302962 0.002579938620328903 75
1658812320866 0.0025818513240665197 76
1658812339557 0.0025596399791538715 77
1658812357955 0.002547763055190444 78
1658812376090 0.002561144297942519 79
1658812393990 0.002531234407797456 80
1658812412627 0.0025515465531498194 81
1658812430784 0.002531648613512516 82
1658812444733 0.0025444901548326015 83
1658812458935 0.0025285365991294384 84
1658812478031 0.0025202620308846235 85
1658812496006 0.0025326148606836796 86
1658812514639 0.002499749418348074 87
1658812534485 0.0025226983707398176 88
1658812559575 0.002523313742130995 89
1658812585718 0.002516404492780566 90
1658812615109 0.002530374564230442 91
1658812635940 0.002484343247488141 92
1658812655319 0.0024866927415132523 93
1658812673934 0.0024923381861299276 94
1658812703503 0.002476269146427512 95
1658812731454 0.0024760642554610968 96
1658812764479 0.0024609421379864216 97
1658812787314 0.00246027740649879 98
1658812809890 0.002488180063664913 99
