1658811027545 72817.375 0
1658811045212 23922.494140625 1
1658811057610 28479.603515625 2
1658811076019 23646.828125 3
1658811089971 25290.4453125 4
1658811105949 22760.29296875 5
1658811122452 13952.234375 6
1658811138417 21774.1015625 7
1658811156970 23870.681640625 8
1658811175907 14098.1162109375 9
1658811190623 17727.46484375 10
1658811204101 18213.37890625 11
1658811223370 13842.701171875 12
1658811241547 20196.60546875 13
1658811259699 25919.642578125 14
1658811271393 18354.763671875 15
1658811287711 16243.607421875 16
1658811305598 18941.56640625 17
1658811323342 17439.072265625 18
1658811341445 13667.3564453125 19
1658811353981 14023.7021484375 20
1658811370506 19157.09375 21
1658811388558 19182.951171875 22
1658811403452 14300.740234375 23
1658811415939 17410.390625 24
1658811433849 18198.501953125 25
1658811451644 14452.845703125 26
1658811470354 18152.630859375 27
1658811488309 17870.822265625 28
1658811502479 8305.3759765625 29
1658811517299 14716.5419921875 30
1658811534948 21185.96875 31
1658811551863 17529.509765625 32
1658811563801 17364.537109375 33
1658811582017 13150.54296875 34
1658811602366 20362.896484375 35
1658811620515 10008.91796875 36
1658811636507 15446.279296875 37
1658811649055 13702.2314453125 38
1658811666885 16800.318359375 39
1658811684897 15105.4833984375 40
1658811704712 16770.1796875 41
1658811722805 13758.3408203125 42
1658811742026 18388.111328125 43
1658811763728 17249.0234375 44
1658811782673 15385.5263671875 45
1658811800989 17710.9609375 46
1658811814009 12305.91015625 47
1658811830217 11207.5634765625 48
1658811850227 13397.2509765625 49
1658811870857 18129.576171875 50
1658811890882 14365.3359375 51
1658811912258 14947.7705078125 52
1658811931170 10173.8427734375 53
1658811948589 13145.5634765625 54
1658811960336 15580.6435546875 55
1658811977055 14846.41015625 56
1658811994978 18032.806640625 57
1658812013498 15030.9404296875 58
1658812028669 13107.0205078125 59
1658812041193 15754.8115234375 60
1658812059716 16342.287109375 61
1658812077849 13315.921875 62
1658812094266 17192.56640625 63
1658812106997 14604.0185546875 64
1658812124875 12715.96875 65
1658812144345 13249.7451171875 66
1658812163573 17217.390625 67
1658812181755 17967.51953125 68
1658812197179 13194.197265625 69
1658812210451 10297.2373046875 70
1658812228556 16971.564453125 71
1658812246873 12236.2392578125 72
1658812264912 12062.3681640625 73
1658812285134 14357.916015625 74
1658812302962 9632.5576171875 75
1658812320866 12735.9970703125 76
1658812339557 13727.326171875 77
1658812357955 12978.4267578125 78
1658812376090 11257.767578125 79
1658812393990 12998.587890625 80
1658812412627 12456.2705078125 81
1658812430784 18149.693359375 82
1658812444733 15401.54296875 83
1658812458935 15013.8369140625 84
1658812478031 13698.01171875 85
1658812496006 13635.541015625 86
1658812514639 12982.0087890625 87
1658812534485 12299.361328125 88
1658812559575 11271.4990234375 89
1658812585718 15048.052734375 90
1658812615109 12469.1943359375 91
1658812635940 12224.515625 92
1658812655319 14638.365234375 93
1658812673934 14997.86328125 94
1658812703503 11429.9638671875 95
1658812731454 14991.71875 96
1658812764479 19908.416015625 97
1658812787314 11802.9794921875 98
1658812809890 18239.427734375 99
